-1328	2396 	13092	104	-8836	4133	391.168
-988	2840 	13076	80	-8680	3803	1487.71
-2208	2292 	12400	179	-8884	3360	1959.58
-1788	2284 	12092	316	-8388	3097	2401.09
-1832	2332 	11728	450	-7573	2920	2812.13
-1828	2072 	12244	793	-6756	2721	3304.67
-1816	2096 	11848	1001	-6644	2670	3805.17
-1764	2388 	12016	1287	-6098	2618	4279.04
-1412	2540 	12332	1487	-5853	2587	4677.54
-1272	2456 	12404	1763	-5849	2595	5099.88
-1304	2604 	12524	2153	-5918	2433	5587.92
-1184	2080 	12360	2390	-5804	2306	6004.46
-964	1880 	12152	2677	-5525	2160	6421.84
-728	1800 	12280	2935	-5229	1989	6819.46
-320	1556 	12344	3223	-4647	1728	7277.04
-120	1788 	12268	3397	-4238	1563	7700.67
-92	1936 	12272	3604	-3768	1261	8117.5
200	1780 	12152	3657	-3453	1040	8535
316	1772 	12196	3640	-3277	877	8943.38
456	1840 	12248	3572	-3112	668	9364.71
460	1628 	11956	3543	-2981	524	9844.09
576	1412 	11784	3519	-2771	442	10262.2
644	1012 	11472	3416	-2491	237	10693.5
1092	872 	11008	3325	-2318	143	11125.7
1164	692 	10640	3155	-2185	107	11547.6
1540	436 	10400	2898	-1875	72	11966.4
1636	256 	10092	2696	-1658	75	12386.1
1896	120 	10084	2498	-1441	131	12847.8
2036	-12 	9748	2132	-1413	324	13273.8
2208	-148 	9452	1938	-1295	446	13700.9
2348	-196 	9116	1694	-1071	592	14186.9
2304	-448 	8680	1336	-773	761	14619.5
2436	-380 	7980	1098	-620	871	15027.9
2280	-384 	7808	856	-500	947	15446.7
2324	-512 	6996	412	-445	963	15926.5
2320	-808 	6644	106	-328	985	16349.4
2468	-856 	6116	-225	-54	890	16774
2496	-1196 	5444	-685	163	802	17173.4
2636	-1292 	4976	-1017	368	633	17590.7
2540	-1208 	4828	-1295	413	444	18065.2
2504	-1024 	4200	-1735	546	148	18536.7
2260	-620 	4280	-1968	737	-137	18955.7
2344	-224 	3920	-2398	1211	-621	19355.3
1912	228 	3572	-2651	1450	-941	19771.1
1332	552 	3520	-2935	1684	-1245	20196.5
1236	972 	3392	-3223	2272	-1556	20618.5
600	1488 	3492	-3511	2586	-1892	21036.5
216	2004 	3352	-3697	2989	-2085	21432.3
-316	2636 	3448	-3845	3309	-2177	21854.2
-1112	3384 	3232	-4153	4255	-2323	22276.5
-1356	3500 	3028	-4238	4940	-2399	22696.5
-1284	3672 	3072	-4348	5650	-2426	23114.8
-1900	3728 	3440	-4399	6344	-2426	23509.5
-2040	3800 	3572	-4443	6868	-2478	23973.2
-1988	3804 	3672	-4410	7853	-2486	24465.4
-2328	3404 	4332	-4373	8429	-2487	24885.5
-2240	2840 	4656	-4289	9152	-2435	25304.5
-1812	2480 	5284	-4150	9848	-2384	25715.3
-1484	2120 	6008	-4060	10752	-2214	26137.8
-1236	1828 	7008	-4060	11066	-2081	26616.8
-1040	1468 	7788	-4096	11305	-2002	27033.7
-636	572 	8940	-4156	11853	-1942	27515
-540	116 	9656	-4083	12282	-1984	27918.6
-812	-492 	10536	-3952	12591	-2077	28333.1
-1056	-1012 	11580	-3706	13101	-2360	28807.3
-520	-1052 	13236	-3604	13419	-2494	29226.8
-56	-1100 	14860	-3593	13832	-2731	29701.8
-112	-1004 	16104	-3628	13889	-2869	30104.2
308	-972 	17068	-3750	13796	-2915	30518
548	-1280 	18616	-4016	13616	-2943	31002.6
556	-1516 	19584	-4178	13520	-3010	31493.8
364	-1596 	20544	-4372	13318	-3045	31899.6
116	-1604 	21544	-4572	12581	-3064	32318.5
296	-1656 	21960	-4703	11960	-3053	32804.7
144	-1784 	22760	-4846	11466	-3101	33240.4
-60	-1788 	23516	-4940	10909	-3205	33661.3
-472	-1920 	24140	-4889	10325	-3281	34057.4
-560	-1680 	24620	-4485	9485	-3326	34474
-392	-1628 	25672	-5328	9835	-3245	34910.6
-708	-1720 	24708	-5063	9704	-3202	35328.9
-432	-1524 	27112	-5306	9168	-3048	35747.1
-400	-828 	27220	-5726	8770	-2697	36144.1
-852	-760 	26812	-5747	8167	-2472	36559
-884	-708 	27440	-5769	7512	-2229	37040.3
-852	-132 	27636	-5898	6747	-1727	37458.8
-848	108 	27720	-6058	6160	-1449	37875.6
-892	176 	27904	-6028	5534	-1186	38274.9
-976	504 	27856	-6228	4950	-766	38712.4
-1172	640 	27900	-6124	4396	-525	39205.1
-1200	732 	27496	-6130	4084	-243	39623.3
-1316	1268 	27704	-6150	3347	106	40041.2
-1680	1372 	27924	-5962	2524	335	40455.8
-2048	1616 	27220	-5757	2326	443	40873.5
-1332	2228 	26796	-5270	1989	667	41354.4
-1520	2712 	26816	-4940	1713	709	41825.7
-2012	2800 	27208	-4038	292	655	42223.9
-2008	3320 	26888	-3572	-180	554	42649.3
-2016	3808 	26536	-3181	-478	377	43128.9
-2180	3960 	26728	-2437	-688	49	43547
-2136	4028 	26280	-1830	-878	-159	44094
-1852	4236 	26212	-1444	-804	-408	44522
-1564	4236 	26116	-616	-1459	-649	45009.8
-1900	3964 	25880	-144	-2094	-796	45493.1
-1592	3808 	25492	515	-2711	-1062	45966.4
-1052	3600 	25264	980	-3354	-1071	46372.3
-1208	3316 	25012	1459	-4063	-1154	46797
-1332	3136 	24716	2148	-4977	-1200	47283.7
-1360	3072 	24180	2549	-5333	-1228	47703.3
-1360	2864 	23696	2962	-5674	-1263	48123.2
-1304	2832 	23328	3499	-6061	-1296	48545
-1308	2844 	23004	3733	-6380	-1276	48968
-1268	3224 	22908	3863	-6533	-1262	49386.5
-1556	3256 	22728	3997	-6950	-1216	49802.8
-1812	3784 	22212	4078	-7201	-1197	50225.5
-2064	3872 	21920	4197	-7415	-1143	50627.1
-2544	4092 	21624	4313	-7605	-1079	51045.2
-2388	3840 	21144	4368	-7790	-907	51552.3
-2388	3784 	20900	4296	-7820	-770	51989.5
-2180	3432 	20272	4212	-7721	-448	52418.1
-1984	3268 	19864	4147	-7640	-269	52840.2
-1832	3176 	19652	4035	-7581	-41	53257
-1752	2908 	19104	3757	-7411	256	53669.6
-1656	2828 	18772	3561	-7362	474	54103.2
-1484	2584 	18524	3428	-7446	736	54523.7
-1376	2540 	18172	3211	-7551	1117	54920.8
-984	2408 	17900	3071	-7635	1473	55336.2
-804	2584 	17308	2916	-7741	1785	55770.8
-600	2472 	17088	2758	-8077	2310	56188.1
-756	2196 	16452	2723	-7909	2571	56607.6
-404	1776 	15844	2765	-8015	2855	57007.9
-368	1484 	15108	2846	-7989	3083	57429.6
-208	944 	14384	3070	-7947	3360	57909.7
24	708 	13680	3280	-7914	3482	58327.8
68	408 	13224	3415	-7781	3541	58747.4
204	200 	12460	3712	-7553	3567	59144.1
360	0 	11628	3911	-7349	3511	59578.6
248	-240 	11324	4120	-7247	3482	59998.1
256	-540 	10408	4366	-6908	3318	60416.8
412	-612 	9688	4594	-6543	3162	60832.4
520	-932 	9356	4838	-6016	2869	61246.8
416	-1376 	8496	5030	-5694	2664	61666
428	-1624 	7908	5211	-5533	2427	62144.9
552	-2048 	7172	5409	-5351	2039	62563.1
580	-2292 	6324	5488	-5127	1744	62990.1
812	-2736 	5948	5499	-4778	1437	63395.5
940	-2976 	5428	5376	-3973	992	63816.4
972	-3316 	4784	5285	-3358	699	64294.5
1148	-3656 	4656	5178	-2698	397	64712.1
1280	-4016 	3860	4960	-1656	-47	65205.6
1304	-4292 	3376	4795	-964	-318	65609
1452	-4756 	3084	4615	-419	-633	66031.8
1948	-4984 	2896	4173	241	-1079	66513.8
1960	-5092 	2620	3839	733	-1412	66952.3
2316	-5148 	2560	3523	1107	-1755	67356
2192	-5084 	2460	2973	1696	-2317	67770.7
2368	-4904 	2408	2534	2184	-2727	68247.1
2348	-4852 	2320	2157	2597	-3137	68671
1816	-4708 	2552	1609	3086	-3744	69094.6
2300	-4624 	2392	1175	3667	-4157	69512.8
2288	-4272 	2776	813	4050	-4498	69931.1
1916	-4044 	2992	189	4456	-4964	70350.6
2320	-3852 	3124	-252	4918	-5227	70787.5
2236	-3544 	3416	-682	5370	-5420	71208.6
1944	-3312 	4160	-1232	5828	-5699	71606.8
1820	-2744 	4712	-1569	6000	-5793	72023.6
1824	-2340 	5060	-1905	6217	-5870	72465.3
1512	-1488 	5900	-2412	6503	-5963	72886.9
1612	-760 	6592	-2738	6798	-5953	73309.3
1072	-388 	7076	-3066	6673	-5978	73709.4
724	488 	7640	-3499	7008	-5960	74132.6
512	864 	8004	-3758	7211	-5963	74559
-164	1132 	8448	-4032	7408	-6008	74981.5
-792	1740 	9096	-4258	7381	-6064	75398.8
-1648	1956 	9356	-4442	7299	-6144	75794.8
-1672	2176 	9696	-4556	7847	-6252	76232.7
-2572	2296 	10740	-4649	8082	-6290	76724
-2924	2456 	11196	-4660	8011	-6304	77148.6
-3228	2616 	12044	-4621	8171	-6247	77568.6
-4024	3068 	13308	-4734	8407	-6088	77985.9
-4104	3040 	14280	-4807	8626	-5931	78407.4
-4076	3180 	15312	-4850	8424	-5517	78892.3
-4032	3652 	16900	-4934	8452	-5192	79367.1
-4124	3752 	18052	-5009	8414	-4815	79775.9
-4188	4196 	19176	-5092	8155	-4110	80200.6
-4056	4600 	20792	-5229	8275	-3684	80686.8
-3900	4764 	21964	-5334	8395	-3160	81106.8
-4172	4848 	22964	-5417	8233	-2376	81527.2
-4208	4632 	24300	-5390	8072	-1838	81978.1
-4096	4440 	24832	-5351	8115	-1376	82399.8
-3784	4456 	25696	-5145	8287	-730	82878.7
-3428	4700 	26816	-4924	8071	-357	83297.6
-3572	4720 	27628	-4600	7766	-7	83731
-3356	4604 	28496	-4171	7199	341	84135.8
-2728	4492 	29156	-3793	6825	559	84553.9
-2328	4728 	29672	-3564	6610	729	84975.2
-2036	4520 	30388	-3340	6255	903	85404
-1920	4416 	30984	-3055	5818	940	85828.3
-1724	4572 	31148	-2796	5235	927	86247.5
-1548	4656 	31652	-2442	4375	799	86662.9
-1760	4700 	31368	-2154	3734	697	87185.1
-1780	4820 	31664	-1975	2924	571	87629.3
-1852	4816 	31836	-1444	1445	395	88058.8
-1824	5032 	31496	-1185	612	297	88464.3
-1748	5184 	31184	-830	-326	255	88884.4
-2144	5404 	31288	-281	-1587	242	89323.1
-1324	5900 	31456	205	-2335	289	89747.6
-2192	6228 	31112	433	-4113	454	90168.9
-1760	5964 	31240	1021	-3758	630	90568.2
-1456	6272 	30668	1365	-5056	1001	90995.6
-1968	6744 	30292	1636	-5927	1333	91465.2
-2296	6360 	30148	2192	-6730	1849	91887.6
-1868	6752 	29492	2428	-7714	2263	92309
-2068	6988 	29048	2659	-8469	2596	92705
-2308	6652 	28592	3151	-9233	2970	93205.3
-2232	6620 	28020	3458	-9802	3177	93630.8
-2156	6564 	27432	3792	-10065	3375	94049
-2268	6308 	26536	4221	-10632	3598	94447.3
-2092	6024 	25848	4515	-10862	3773	94893
-1996	5676 	25192	4936	-11085	4004	95375.1
-2344	5104 	23920	5228	-11018	4190	95797.9
-2048	4648 	22956	5519	-11107	4409	96216.6
-1936	3920 	21796	5824	-11133	4614	96621.5
-2016	3028 	20264	6393	-10830	4870	97049.9
-1708	2408 	19328	6722	-10687	4982	97468.8
-1308	1836 	18384	7020	-10389	5077	97889.1
-872	996 	17240	7500	-9802	5114	98305.3
-552	552 	16372	7813	-9492	5100	98722.8
-204	232 	15600	8225	-9167	5068	99143.9
-100	-492 	14560	8445	-8928	4965	99629.4
572	-1008 	13952	8546	-8803	4860	100050
1036	-1548 	12736	8514	-8775	4672	100546
1192	-1824 	12188	8453	-8737	4456	100947
1324	-2204 	11692	8374	-8962	4229	101368
1504	-2452 	10460	8105	-8896	3752	101847
1684	-2308 	9472	7904	-8764	3408	102325
1568	-2172 	9076	7667	-8590	2995	102733
1168	-2212 	7548	7254	-7960	2309	103155
1000	-2336 	7204	7059	-7452	1955	103632
684	-2676 	6220	6758	-7244	1556	104051
456	-2768 	5432	6299	-6855	1133	104487
632	-2836 	4732	5910	-6422	896	104888
1132	-2772 	4420	5555	-6035	799	105309
156	-3048 	3576	4853	-5880	681	105789
376	-3272 	3404	4418	-5264	613	106224
316	-3464 	2788	3996	-4870	672	106648
508	-3548 	2576	3390	-4027	731	107047
824	-3500 	2232	2849	-3753	792	107463
676	-3524 	2392	2356	-2480	761	107969
1240	-3668 	2160	1815	-1762	854	108397
896	-3652 	2372	1423	-1786	864	108816
1080	-3548 	2204	1032	-1165	785	109214
1164	-3780 	2160	453	-504	723	109630
1296	-3696 	1980	65	-140	622	110108
1048	-3860 	1980	-204	87	437	110529
840	-3964 	1720	-556	491	39	110950
788	-3840 	1576	-744	595	-328	111347
520	-3808 	1536	-919	687	-778	111783
564	-3532 	1420	-1087	1396	-1524	112267
420	-3416 	1200	-1216	1958	-2058	112685
304	-3260 	1196	-1306	2558	-2546	113106
424	-2836 	1148	-1532	3597	-3229	113512
340	-2864 	1452	-1676	4201	-3627	113936
196	-2868 	1620	-1843	4626	-3933	114335
76	-2976 	1496	-2069	5593	-4220	114754
60	-2956 	1544	-2258	6425	-4419	115168
-168	-3120 	1816	-2400	7030	-4518	115585
40	-3284 	2104	-2565	7489	-4596	116011
364	-3168 	2288	-2690	7854	-4660	116482
296	-3240 	2780	-2811	7982	-4676	116903
708	-3312 	3796	-3147	8591	-4656	117346
920	-3256 	4264	-3463	9358	-4691	117751
1232	-3028 	5052	-4028	10278	-4666	118234
1040	-2756 	6196	-4425	10727	-4668	118656
812	-2592 	6660	-4847	11168	-4735	119083
868	-2376 	7648	-5529	11544	-4826	119489
536	-2276 	8124	-5901	11667	-4980	119907
184	-2108 	8572	-6284	11930	-5249	120380
-668	-1752 	9324	-6759	12057	-5694	120797
-1168	-1208 	10072	-7037	12259	-6081	121233
-1184	-972 	10908	-7311	12495	-6457	121634
-1472	-200 	12536	-7707	12411	-6932	122053
-1940	336 	13576	-7977	12134	-7198	122472
-2504	892 	14836	-8250	11862	-7406	122915
-3132	1528 	16456	-8567	11601	-7680	123392
-3460	2076 	17640	-8773	11434	-7753	123792
-3400	2348 	19072	-8892	11101	-7727	124212
-4040	3768 	23096	-9317	10493	-6779	124737
-4364	4528 	24932	-9380	10105	-6354	125350
-4488	5212 	26796	-9321	9579	-5640	125813
-4736	5388 	27992	-9210	9134	-5051	126251
-4168	5808 	28788	-9120	8774	-4478	126672
-4592	6368 	30124	-8990	7861	-3449	127097
-4672	6452 	30920	-8796	8368	-2878	127518
-4032	6868 	31512	-8526	7881	-2174	127935
-4288	7316 	32767	-8180	6958	-1119	128408
-4352	7384 	32767	-7780	6116	-489	128818
-4372	7604 	32767	-7480	5317	179	129241
-4380	7752 	32767	-7197	4245	997	129749
-3604	7968 	32767	-6684	3735	1583	130219
-4004	8096 	32767	-6196	2626	1906	130695
-4040	7876 	32767	-5470	1739	2177	131340
-3752	7456 	32767	-4950	1238	2275	131784
-3616	7236 	32612	-4307	647	2308	132242
-3500	6628 	32272	-3425	-515	2440	132658
-3260	6172 	32028	-2773	-629	2494	133149
-2900	5656 	31856	-2107	-1431	2629	133571
-2748	5524 	31492	-1272	-2592	2985	133996
-2560	5293 	-258	-680	-3137	3194	134405
-2356	5180 	31212	-166	-4253	3458	134823
failed to read from i2c bux .
-2400	4952 	30719	-2400	4952	30719	155138
